1 0.0
2 0.0
3 0.0
4 0.0
5 0.0
6 0.0
7 0.0
8 0.0
9 0.0
10 0.0
11 0.0
12 0.0
13 0.0
14 0.0
15 0.0
16 0.0
17 0.0
18 0.0
19 0.0
20 0.0
21 0.0
22 0.0
23 0.0
24 0.0
25 0.0
26 0.0
27 0.0
28 0.0
29 0.0
30 0.0
31 0.0
32 0.0
33 0.0
34 0.0
35 0.0
36 0.0
37 0.0
38 0.0
39 0.0
40 0.0
41 0.0
42 0.0
43 0.0
44 0.0
45 0.0
46 0.0
47 0.0
48 0.0
49 0.0
50 0.0
51 0.0
52 0.0
53 0.0
54 0.0
55 0.0
56 0.0
57 0.0
58 0.0
59 0.0
60 0.0
61 0.0
62 0.0
63 0.0
64 0.0
65 0.0
66 0.0
67 0.0
68 0.0
69 0.0
70 0.0
71 0.0
72 0.0
73 0.0
74 0.0
75 0.0
76 0.0
77 0.0
78 0.0
79 0.0
80 0.0
81 0.0
82 0.0
83 0.0
84 0.0
85 0.0
86 0.0
87 0.0
88 0.0
89 0.0
90 0.0
91 0.0
92 0.0
93 0.0
94 0.0
95 0.0
96 0.0
97 0.0
98 0.0
99 0.0
100 0.0
101 0.0
102 0.0
103 0.0
104 0.0
105 0.0
106 0.0
107 0.0
108 0.0
109 0.0
110 0.0
111 0.0
112 0.0
113 0.0
114 0.0
115 0.0
116 0.0
117 0.0
118 0.0
119 0.0
120 0.0
121 0.2127
122 0.2152
123 0.2177
124 0.2202
125 0.2227
126 0.3102
127 0.4072
128 0.694
129 1.4237
130 2.1535
131 3.2633
132 4.5359
133 5.8086
134 6.5303
135 7.2521
136 8.3865
137 11.1718
138 13.9571
139 17.6959
140 22.8651
141 28.0342
142 32.5472
143 36.6227
144 40.6982
145 44.6796
146 48.6205
147 52.5614
148 57.3968
149 62.6156
150 67.8344
151 72.6742
152 77.3516
153 82.029
154 86.075
155 89.7
156 93.325
157 98.3875
158 105.6062
159 112.825
160 119.8242
161 125.9455
162 132.0667
163 138.1879
164 144.1735
165 150.1441
166 156.1147
167 162.9235
168 170.5706
169 178.2176
170 185.7629
171 192.3914
172 199.02
173 205.6486
174 212.15
175 218.5667
176 224.9833
177 231.4
178 241.0389
179 250.6778
180 260.3167
181 268.9108
182 275.9378
183 282.9649
184 289.9919
185 300.0947
186 311.5158
187 322.9368
188 334.3579
189 341.5231
190 348.2154
191 354.9077
192 361.6
193 367.375
194 373.15
195 378.925
196 384.7
197 394.825
198 404.95
199 415.075
200 425.2
201 433.0108
202 440.8216
203 448.6324
204 455.9316
205 462.0368
206 468.1421
207 474.2474
208 481.3769
209 489.5308
210 497.6846
211 505.8385
212 512.6538
213 518.5769
214 524.5
215 530.4231
216 535.7525
217 540.8275
218 545.9025
219 550.9775
220 556.939
221 563.2805
222 569.622
223 575.9634
224 581.0463
225 585.2902
226 589.5341
227 593.778
228 597.9116
229 601.9349
230 605.9581
231 609.9814
232 614.1442
233 618.8651
234 623.586
235 628.307
236 633.0279
237 635.2591
238 637.2136
239 639.1682
240 641.1227
241 643.4182
242 646.0545
243 648.6909
244 651.3273
245 654.0783
246 657.8609
247 661.6435
248 665.4261
249 669.2087
250 671.7304
251 672.9913
252 674.2522
253 675.513
254 676.7739
255 678.5125
256 680.3042
257 682.0958
258 683.8875
259 685.7417
260 688.1583
261 690.575
262 692.9917
263 695.4083
264 697.2776
265 697.8694
266 698.4612
267 699.0531
268 699.6449
269 699.768
270 699.188
271 698.608
272 698.028
273 697.448
274 697.3275
275 697.8961
276 698.4647
277 699.0333
278 699.602
279 700.0
280 700.0
281 700.0
282 700.0
283 700.0
284 700.0558
285 700.6135
286 701.1712
287 701.7288
288 702.2865
289 702.8442
290 702.9
291 702.9
292 702.9
293 702.9
294 702.9
295 702.6364
296 702.1091
297 701.5818
298 701.0545
299 700.5273
300 700.0
301 699.4314
302 698.8627
303 698.2941
304 697.7255
305 697.1569
306 695.5942
307 693.9212
308 692.2481
309 690.575
310 688.9019
311 688.017
312 687.4698
313 686.9226
314 686.3755
315 685.8283
316 684.863
317 683.2704
318 681.6778
319 680.0852
320 678.4926
321 676.9
322 675.3182
323 673.7364
324 672.1545
325 670.5727
326 668.9909
327 667.4232
328 665.8696
329 664.3161
330 662.7625
331 661.2089
332 659.6554
333 659.0339
334 658.5161
335 657.9982
336 657.4804
337 656.9625
338 655.85
339 653.35
340 650.85
341 648.35
342 645.85
343 643.35
344 641.1254
345 639.1763
346 637.2271
347 635.278
348 633.3288
349 631.3797
350 630.0102
351 629.0271
352 628.0441
353 627.061
354 626.078
355 625.0949
356 622.1492
357 618.3623
358 614.5754
359 610.7885
360 607.0016
361 603.2148
362 600.559
363 598.6574
364 596.7557
365 594.8541
366 592.9525
367 591.0508
368 589.6397
369 588.719
370 587.7984
371 586.8778
372 585.9571
373 585.0365
374 583.6656
375 580.4937
376 577.3219
377 574.15
378 570.9781
379 567.8062
380 564.6344
381 562.2277
382 560.0123
383 557.7969
384 555.5815
385 553.3662
386 551.1508
387 549.2045
388 547.8864
389 546.5682
390 545.25
391 543.9318
392 542.6136
393 541.2955
394 539.6881
395 537.9567
396 536.2254
397 534.494
398 532.7627
399 531.0313
400 529.3
401 526.9
402 524.5
403 522.1
404 519.7
405 517.3
406 514.9
407 512.523
408 510.1459
409 507.7689
410 505.3918
411 503.0148
412 500.6377
413 497.8887
414 495.0984
415 492.3081
416 489.5177
417 486.7274
418 483.9371
419 482.1177
420 480.7145
421 479.3113
422 477.9081
423 476.5048
424 475.1016
425 473.0406
426 470.3219
427 467.6031
428 464.8844
429 462.1656
430 459.4469
431 456.775
432 454.525
433 452.275
434 450.025
435 447.775
436 445.525
437 443.275
438 441.3697
439 439.6121
440 437.8545
441 436.097
442 434.3394
443 432.5818
444 430.7836
445 428.6194
446 426.4552
447 424.291
448 422.1269
449 419.9627
450 417.7985
451 415.6403
452 413.491
453 411.3418
454 409.1925
455 407.0433
456 404.894
457 402.7448
458 400.9232
459 399.242
460 397.5609
461 395.8797
462 394.1986
463 392.5174
464 390.8362
465 388.4826
466 385.9609
467 383.4391
468 380.9174
469 378.3957
470 375.8739
471 373.3522
472 372.0099
473 370.7986
474 369.5873
475 368.3761
476 367.1648
477 365.9535
478 364.7423
479 363.193
480 361.5592
481 359.9254
482 358.2915
483 356.6577
484 355.0239
485 353.3901
486 350.6849
487 347.5205
488 344.3562
489 341.1918
490 338.0274
491 334.863
492 331.6986
493 329.173
494 327.6054
495 326.0378
496 324.4703
497 322.9027
498 321.3351
499 319.7676
500 318.2
501 316.4941
502 314.7882
503 313.0824
504 311.3765
505 309.6706
506 307.9647
507 306.1735
508 304.0412
509 301.9088
510 299.7765
511 297.6441
512 295.5118
513 293.3794
514 291.6086
515 290.38
516 289.1514
517 287.9229
518 286.6943
519 285.4657
520 284.2371
521 283.1732
522 282.3563
523 281.5394
524 280.7225
525 279.9056
526 279.0887
527 278.2718
528 276.9648
529 274.5141
530 272.0634
531 269.6127
532 267.162
533 264.7113
534 262.2606
535 260.0644
536 258.8863
537 257.7082
538 256.5301
539 255.3521
540 254.174
541 252.9959
542 251.8178
543 250.9849
544 250.1904
545 249.3959
546 248.6014
547 247.8068
548 247.0123
549 246.2178
550 244.7243
551 242.7649
552 240.8054
553 238.8459
554 236.8865
555 234.927
556 232.9676
557 231.0947
558 229.5684
559 228.0421
560 226.5158
561 224.9895
562 223.4632
563 221.9368
564 220.4105
565 218.8921
566 217.3789
567 215.8658
568 214.3526
569 212.8395
570 211.3263
571 209.8132
572 208.3
573 207.1846
574 206.0692
575 204.9538
576 203.8385
577 202.7231
578 201.6077
579 200.4923
580 199.4513
581 198.7077
582 197.9641
583 197.2205
584 196.4769
585 195.7333
586 194.9897
587 194.2462
588 193.075
589 191.2625
590 189.45
591 187.6375
592 185.825
593 184.0125
594 182.2
595 180.3875
596 178.8753
597 177.8136
598 176.7519
599 175.6901
600 174.6284
601 173.5667
602 172.5049
603 171.4432
604 170.4878
605 169.7805
606 169.0732
607 168.3659
608 167.6585
609 166.9512
610 166.2439
611 165.5366
612 164.7585
613 163.3439
614 161.9293
615 160.5146
616 159.1
617 157.6854
618 156.2707
619 154.8561
620 153.4415
621 152.9893
622 152.644
623 152.2988
624 151.9536
625 151.6083
626 151.2631
627 150.9179
628 150.5726
629 149.8942
630 148.8826
631 147.8709
632 146.8593
633 145.8477
634 144.836
635 143.8244
636 142.8128
637 141.8012
638 140.4965
639 139.1593
640 137.8221
641 136.4849
642 135.1477
643 133.8105
644 132.4733
645 131.136
646 130.1
647 129.7667
648 129.4333
649 129.1
650 128.7667
651 128.4333
652 128.1
653 127.7667
654 127.4333
655 127.1045
656 126.7787
657 126.4528
658 126.127
659 125.8011
660 125.4753
661 125.1494
662 124.8236
663 124.4978
664 123.2722
665 121.6611
666 120.05
667 118.4389
668 116.8278
669 115.2167
670 113.6056
671 111.9944
672 110.3833
673 109.4538
674 108.8165
675 108.1791
676 107.5418
677 106.9044
678 106.267
679 105.6297
680 104.9923
681 104.3549
682 103.7217
683 103.0913
684 102.4609
685 101.8304
686 101.2
687 100.5696
688 99.9391
689 99.3087
690 98.6783
691 98.0574
692 97.4511
693 96.8447
694 96.2383
695 95.6319
696 95.0255
697 94.4191
698 93.8128
699 93.2064
700 92.6
701 92.1397
702 91.6794
703 91.219
704 90.7587
705 90.2984
706 89.8381
707 89.3778
708 88.9175
709 88.4571
710 87.9968
711 87.5365
712 87.0762
713 86.6188
714 86.1656
715 85.7125
716 85.2594
717 84.8063
718 84.3531
719 83.9
720 83.4469
721 82.9937
722 82.5406
723 82.0875
724 81.6344
725 81.1812
726 80.7344
727 80.2916
728 79.8489
729 79.4061
730 78.9634
731 78.5206
732 78.0779
733 77.6351
734 77.1924
735 76.7496
736 76.3069
737 75.8641
738 75.4214
739 75.091
740 74.8729
741 74.6549
742 74.4368
743 74.2188
744 74.0008
745 73.7827
746 73.5647
747 73.3466
748 73.1286
749 72.9105
750 72.6925
751 72.4744
752 72.257
753 72.0422
754 71.8274
755 71.6126
756 71.3978
757 71.183
758 70.9681
759 70.7533
760 70.5385
761 70.3237
762 70.1089
763 69.8941
764 69.6793
765 69.4644
766 69.1058
767 68.6855
768 68.2652
769 67.8449
770 67.4246
771 67.0043
772 66.5841
773 66.1638
774 65.7435
775 65.3232
776 64.9029
777 64.4826
778 64.0623
779 63.642
780 63.4136
781 63.2064
782 62.9993
783 62.7921
784 62.585
785 62.3779
786 62.1707
787 61.9636
788 61.7564
789 61.5493
790 61.3421
791 61.135
792 60.9279
793 60.7207
794 60.3387
795 59.9373
796 59.5359
797 59.1345
798 58.7331
799 58.3317
800 57.9303
801 57.5289
802 57.1275
803 56.7261
804 56.3246
805 55.9232
806 55.5218
807 55.1204
808 54.861
809 54.6623
810 54.4637
811 54.2651
812 54.0664
813 53.8678
814 53.6692
815 53.4705
816 53.2719
817 53.0733
818 52.8747
819 52.676
820 52.4774
821 52.2788
822 52.0527
823 51.5797
824 51.1068
825 50.6338
826 50.1609
827 49.6879
828 49.2149
829 48.742
830 48.269
831 47.7961
832 47.3231
833 46.8502
834 46.3772
835 45.9042
836 45.4313
837 45.0265
838 44.7809
839 44.5354
840 44.2898
841 44.0442
842 43.7986
843 43.553
844 43.3074
845 43.0618
846 42.8162
847 42.5707
848 42.3251
849 42.0795
850 41.8339
851 41.5883
852 41.3488
853 41.1235
854 40.8981
855 40.6728
856 40.4475
857 40.2221
858 39.9968
859 39.7715
860 39.5461
861 39.3208
862 39.0955
863 38.8701
864 38.6448
865 38.4195
866 38.1941
867 37.9688
868 37.7624
869 37.556
870 37.3496
871 37.1432
872 36.9368
873 36.7304
874 36.524
875 36.3176
876 36.1112
877 35.9048
878 35.6984
879 35.492
880 35.2856
881 35.0791
882 34.8727
883 34.6734
884 34.4847
885 34.2959
886 34.1072
887 33.9185
888 33.7297
889 33.541
890 33.3523
891 33.1635
892 32.9748
893 32.786
894 32.5973
895 32.4086
896 32.2198
897 32.0311
898 31.8424
899 31.6619
900 31.4896
901 31.3173
902 31.145
903 30.9727
904 30.8004
905 30.6281
906 30.4558
907 30.2835
908 30.1112
909 29.9389
910 29.7666
911 29.5943
912 29.422
913 29.2497
914 29.0774
915 28.9097
916 28.7526
917 28.5956
918 28.4385
919 28.2814
920 28.1244
921 27.9673
922 27.8103
923 27.6532
924 27.4961
925 27.3391
926 27.182
927 27.025
928 26.8679
929 26.7108
930 26.5538
931 26.3967
932 26.2524
933 26.1094
934 25.9665
935 25.8236
936 25.6806
937 25.5377
938 25.3948
939 25.2518
940 25.1089
941 24.9659
942 24.823
943 24.6801
944 24.5371
945 24.3942
946 24.2513
947 24.1083
948 23.9667
949 23.8369
950 23.7071
951 23.5773
952 23.4475
953 23.3177
954 23.1879
955 23.0581
956 22.9283
957 22.7985
958 22.6686
959 22.5388
960 22.409
961 22.2792
962 22.1494
963 22.0196
964 21.8898
965 21.76
966 21.2245
967 20.689
968 20.1534
969 19.6179
970 19.0824
971 18.5469
972 18.0114
973 17.4758
974 16.9403
975 16.4048
976 15.8693
977 15.3338
978 14.7982
979 14.2627
980 13.7272
981 13.1917
982 12.6562
983 12.0013
984 11.2954
985 10.5894
986 9.8834
987 9.1775
988 8.4715
989 7.7656
990 7.0596
991 6.3536
992 5.6477
993 4.9417
994 4.2358
995 3.5298
996 2.8238
997 2.1179
998 1.4119
999 0.706
1000 0.0
1001 0.0
1002 0.0
1003 0.0
1004 0.0
1005 0.0
1006 0.0
1007 0.0
1008 0.0
1009 0.0
1010 0.0
1011 0.0
1012 0.0
1013 0.0
1014 0.0
1015 0.0
1016 0.0
1017 0.0
1018 0.0
1019 0.0
1020 0.0
1021 0.0
1022 0.0
1023 0.0
1024 0.0
1025 0.0
1026 0.0
1027 0.0
1028 0.0
1029 0.0
1030 0.0
1031 0.0
1032 0.0
1033 0.0
1034 0.0
1035 0.0
1036 0.0
1037 0.0
1038 0.0
1039 0.0
1040 0.0
1041 0.0
1042 0.0
1043 0.0
1044 0.0
1045 0.0
1046 0.0
1047 0.0
1048 0.0
1049 0.0
1050 0.0
1051 0.0
1052 0.0
1053 0.0
1054 0.0
1055 0.0
1056 0.0
1057 0.0
1058 0.0
1059 0.0
1060 0.0
1061 0.0
1062 0.0
1063 0.0
1064 0.0
1065 0.0
1066 0.0
1067 0.0
1068 0.0
1069 0.0
1070 0.0
1071 0.0
1072 0.0
1073 0.0
1074 0.0
1075 0.0
1076 0.0
1077 0.0
1078 0.0
1079 0.0
1080 0.0
1081 0.0
1082 0.0
1083 0.0
1084 0.0
1085 0.0
1086 0.0
1087 0.0
1088 0.0
1089 0.0
1090 0.0
1091 0.0
1092 0.0
1093 0.0
1094 0.0
1095 0.0
1096 0.0
1097 0.0
1098 0.0
1099 0.0
1100 0.0
1101 0.0
1102 0.0
1103 0.0
1104 0.0
1105 0.0
1106 0.0
1107 0.0
1108 0.0
1109 0.0
1110 0.0
1111 0.0
1112 0.0
1113 0.0
1114 0.0
1115 0.0
1116 0.0
1117 0.0
1118 0.0
1119 0.0
1120 0.0
1121 0.0
1122 0.0
1123 0.0
1124 0.0
1125 0.0
1126 0.0
1127 0.0
1128 0.0
1129 0.0
1130 0.0
1131 0.0
1132 0.0
1133 0.0
1134 0.0
1135 0.0
1136 0.0
1137 0.0
1138 0.0
1139 0.0
1140 0.0
1141 0.0
1142 0.0
1143 0.0
1144 0.0
1145 0.0
1146 0.0
1147 0.0
1148 0.0
1149 0.0
1150 0.0
1151 0.0
1152 0.0
1153 0.0
1154 0.0
1155 0.0
1156 0.0
1157 0.0
1158 0.0
1159 0.0
1160 0.0
1161 0.0
1162 0.0
1163 0.0
1164 0.0
1165 0.0
1166 0.0
1167 0.0
1168 0.0
1169 0.0
1170 0.0
1171 0.0
1172 0.0
1173 0.0
1174 0.0
1175 0.0
1176 0.0
1177 0.0
1178 0.0
1179 0.0
1180 0.0
1181 0.0
1182 0.0
1183 0.0
1184 0.0
1185 0.0
1186 0.0
1187 0.0
1188 0.0
1189 0.0
1190 0.0
1191 0.0
1192 0.0
1193 0.0
1194 0.0
1195 0.0
1196 0.0
1197 0.0
1198 0.0
1199 0.0
1200 0.0
1201 0.0
1202 0.0
1203 0.0
1204 0.0
1205 0.0
1206 0.0
1207 0.0
1208 0.0
1209 0.0
1210 0.0
1211 0.0
1212 0.0
1213 0.0
1214 0.0
1215 0.0
1216 0.0
1217 0.0
1218 0.0
1219 0.0
1220 0.0
1221 0.0
1222 0.0
1223 0.0
1224 0.0
1225 0.0
1226 0.0
1227 0.0
1228 0.0
1229 0.0
1230 0.0
1231 0.0
1232 0.0
1233 0.0
1234 0.0
1235 0.0
1236 0.0
1237 0.0
1238 0.0
1239 0.0
1240 0.0
1241 0.0
1242 0.0
1243 0.0
1244 0.0
1245 0.0
1246 0.0
1247 0.0
1248 0.0
1249 0.0
1250 0.0
1251 0.0
1252 0.0
1253 0.0
1254 0.0
1255 0.0
1256 0.0
1257 0.0
1258 0.0
1259 0.0
1260 0.0
1261 0.0
1262 0.0
1263 0.0
1264 0.0
1265 0.0
1266 0.0
1267 0.0
1268 0.0
1269 0.0
1270 0.0
1271 0.0
1272 0.0
1273 0.0
1274 0.0
1275 0.0
1276 0.0
1277 0.0
1278 0.0
1279 0.0
1280 0.0
1281 0.0
1282 0.0
1283 0.0
1284 0.0
1285 0.0
1286 0.0
1287 0.0
1288 0.0
1289 0.0
1290 0.0
1291 0.0
1292 0.0
1293 0.0
1294 0.0
1295 0.0
1296 0.0
1297 0.0
1298 0.0
1299 0.0
1300 0.0
1301 0.0
1302 0.0
1303 0.0
1304 0.0
1305 0.0
1306 0.0
1307 0.0
1308 0.0
1309 0.0
1310 0.0
1311 0.0
1312 0.0
1313 0.0
1314 0.0
1315 0.0
1316 0.0
1317 0.0
1318 0.0
1319 0.0
1320 0.0
1321 0.0
1322 0.0
1323 0.0
1324 0.0
1325 0.0
1326 0.0
1327 0.0
1328 0.0
1329 0.0
1330 0.0
1331 0.0
1332 0.0
1333 0.0
1334 0.0
1335 0.0
1336 0.0
1337 0.0
1338 0.0
1339 0.0
1340 0.0
1341 0.0
1342 0.0
1343 0.0
1344 0.0
1345 0.0
1346 0.0
1347 0.0
1348 0.0
1349 0.0
1350 0.0
1351 0.0
1352 0.0
1353 0.0
1354 0.0
1355 0.0
1356 0.0
1357 0.0
1358 0.0
1359 0.0
1360 0.0
1361 0.0
1362 0.0
1363 0.0
1364 0.0
1365 0.0
1366 0.0
1367 0.0
1368 0.0
1369 0.0
1370 0.0
1371 0.0
1372 0.0
1373 0.0
1374 0.0
1375 0.0
1376 0.0
1377 0.0
1378 0.0
1379 0.0
1380 0.0
1381 0.0
1382 0.0
1383 0.0
1384 0.0
1385 0.0
1386 0.0
1387 0.0
1388 0.0
1389 0.0
1390 0.0
1391 0.0
1392 0.0
1393 0.0
1394 0.0
1395 0.0
1396 0.0
1397 0.0
1398 0.0
1399 0.0
1400 0.0
1401 0.0
1402 0.0
1403 0.0
1404 0.0
1405 0.0
1406 0.0
1407 0.0
1408 0.0
1409 0.0
1410 0.0
1411 0.0
1412 0.0
1413 0.0
1414 0.0
1415 0.0
1416 0.0
1417 0.0
1418 0.0
1419 0.0
1420 0.0
1421 0.0
1422 0.0
1423 0.0
1424 0.0
1425 0.0
1426 0.0
1427 0.0
1428 0.0
1429 0.0
1430 0.0
1431 0.0
1432 0.0
1433 0.0
1434 0.0
1435 0.0
1436 0.0
1437 0.0
1438 0.0
1439 0.0
1440 0.0
1441 0.0
1442 0.0
1443 0.0
1444 0.0
1445 0.0
1446 0.0
1447 0.0
1448 0.0
1449 0.0
1450 0.0
1451 0.0
1452 0.0
1453 0.0
1454 0.0
1455 0.0
1456 0.0
1457 0.0
1458 0.0
1459 0.0
1460 0.0
1461 0.0
1462 0.0
1463 0.0
1464 0.0
1465 0.0
1466 0.0
1467 0.0
1468 0.0
1469 0.0
1470 0.0
1471 0.0
1472 0.0
1473 0.0
1474 0.0
1475 0.0
1476 0.0
1477 0.0
1478 0.0
1479 0.0
1480 0.0
1481 0.0
1482 0.0
1483 0.0
1484 0.0
1485 0.0
1486 0.0
1487 0.0
1488 0.0
1489 0.0
1490 0.0
1491 0.0
1492 0.0
1493 0.0
1494 0.0
1495 0.0
1496 0.0
1497 0.0
1498 0.0
1499 0.0
1500 0.0
1501 0.0
1502 0.0
1503 0.0
1504 0.0
1505 0.0
1506 0.0
1507 0.0
1508 0.0
1509 0.0
1510 0.0
1511 0.0
1512 0.0
1513 0.0
1514 0.0
1515 0.0
1516 0.0
1517 0.0
1518 0.0
1519 0.0
1520 0.0
1521 0.0
1522 0.0
1523 0.0
1524 0.0
1525 0.0
1526 0.0
1527 0.0
1528 0.0
1529 0.0
1530 0.0
1531 0.0
1532 0.0
1533 0.0
1534 0.0
1535 0.0
1536 0.0
1537 0.0
1538 0.0
1539 0.0
1540 0.0
1541 0.0
1542 0.0
1543 0.0
1544 0.0
1545 0.0
1546 0.0
1547 0.0
1548 0.0
1549 0.0
1550 0.0
1551 0.0
1552 0.0
1553 0.0
1554 0.0
1555 0.0
1556 0.0
1557 0.0
1558 0.0
1559 0.0
1560 0.0
1561 0.0
1562 0.0
1563 0.0
1564 0.0
1565 0.0
1566 0.0
1567 0.0
1568 0.0
1569 0.0
1570 0.0
1571 0.0
1572 0.0
1573 0.0
1574 0.0
1575 0.0
1576 0.0
1577 0.0
1578 0.0
1579 0.0
1580 0.0
1581 0.0
1582 0.0
1583 0.0
1584 0.0
1585 0.0
1586 0.0
1587 0.0
1588 0.0
1589 0.0
1590 0.0
1591 0.0
1592 0.0
1593 0.0
1594 0.0
1595 0.0
1596 0.0
1597 0.0
1598 0.0
1599 0.0
1600 0.0
1601 0.0
1602 0.0
1603 0.0
1604 0.0
1605 0.0
1606 0.0
1607 0.0
1608 0.0
1609 0.0
1610 0.0
1611 0.0
1612 0.0
1613 0.0
1614 0.0
1615 0.0
1616 0.0
1617 0.0
1618 0.0
1619 0.0
1620 0.0
1621 0.0
1622 0.0
1623 0.0
1624 0.0
1625 0.0
1626 0.0
1627 0.0
1628 0.0
1629 0.0
1630 0.0
1631 0.0
1632 0.0
1633 0.0
1634 0.0
1635 0.0
1636 0.0
1637 0.0
1638 0.0
1639 0.0
1640 0.0
1641 0.0
1642 0.0
1643 0.0
1644 0.0
1645 0.0
1646 0.0
1647 0.0
1648 0.0
1649 0.0
1650 0.0
1651 0.0
1652 0.0
1653 0.0
1654 0.0
1655 0.0
1656 0.0
1657 0.0
1658 0.0
1659 0.0
1660 0.0
1661 0.0
1662 0.0
1663 0.0
1664 0.0
1665 0.0
1666 0.0
1667 0.0
1668 0.0
1669 0.0
1670 0.0
1671 0.0
1672 0.0
1673 0.0
1674 0.0
1675 0.0
1676 0.0
1677 0.0
1678 0.0
1679 0.0
1680 0.0
1681 0.0
1682 0.0
1683 0.0
1684 0.0
1685 0.0
1686 0.0
1687 0.0
1688 0.0
1689 0.0
1690 0.0
1691 0.0
1692 0.0
1693 0.0
1694 0.0
1695 0.0
1696 0.0
1697 0.0
1698 0.0
1699 0.0
1700 0.0
1701 0.0
1702 0.0
1703 0.0
1704 0.0
1705 0.0
1706 0.0
1707 0.0
1708 0.0
1709 0.0
1710 0.0
1711 0.0
1712 0.0
1713 0.0
1714 0.0
1715 0.0
1716 0.0
1717 0.0
1718 0.0
1719 0.0
1720 0.0
1721 0.0
1722 0.0
1723 0.0
1724 0.0
1725 0.0
1726 0.0
1727 0.0
1728 0.0
1729 0.0
1730 0.0
1731 0.0
1732 0.0
1733 0.0
1734 0.0
1735 0.0
1736 0.0
1737 0.0
1738 0.0
1739 0.0
1740 0.0
1741 0.0
1742 0.0
1743 0.0
1744 0.0
1745 0.0
1746 0.0
1747 0.0
1748 0.0
1749 0.0
1750 0.0
1751 0.0
1752 0.0
1753 0.0
1754 0.0
1755 0.0
1756 0.0
1757 0.0
1758 0.0
1759 0.0
1760 0.0
1761 0.0
1762 0.0
1763 0.0
1764 0.0
1765 0.0
1766 0.0
1767 0.0
1768 0.0
1769 0.0
1770 0.0
1771 0.0
1772 0.0
1773 0.0
1774 0.0
1775 0.0
1776 0.0
1777 0.0
1778 0.0
1779 0.0
1780 0.0
1781 0.0
1782 0.0
1783 0.0
1784 0.0
1785 0.0
1786 0.0
1787 0.0
1788 0.0
1789 0.0
1790 0.0
1791 0.0
1792 0.0
1793 0.0
1794 0.0
1795 0.0
1796 0.0
1797 0.0
1798 0.0
1799 0.0
1800 0.0
1801 0.0
1802 0.0
1803 0.0
1804 0.0
1805 0.0
1806 0.0
1807 0.0
1808 0.0
1809 0.0
1810 0.0
1811 0.0
1812 0.0
1813 0.0
1814 0.0
1815 0.0
1816 0.0
1817 0.0
1818 0.0
1819 0.0
1820 0.0
1821 0.0
1822 0.0
1823 0.0
1824 0.0
1825 0.0
1826 0.0
1827 0.0
1828 0.0
1829 0.0
1830 0.0
1831 0.0
1832 0.0
1833 0.0
1834 0.0
1835 0.0
1836 0.0
1837 0.0
1838 0.0
1839 0.0
1840 0.0
1841 0.0
1842 0.0
1843 0.0
1844 0.0
1845 0.0
1846 0.0
1847 0.0
1848 0.0
1849 0.0
1850 0.0
1851 0.0
1852 0.0
1853 0.0
1854 0.0
1855 0.0
1856 0.0
1857 0.0
1858 0.0
1859 0.0
1860 0.0
1861 0.0
1862 0.0
1863 0.0
1864 0.0
1865 0.0
1866 0.0
1867 0.0
1868 0.0
1869 0.0
1870 0.0
1871 0.0
1872 0.0
1873 0.0
1874 0.0
1875 0.0
1876 0.0
1877 0.0
1878 0.0
1879 0.0
1880 0.0
1881 0.0
1882 0.0
1883 0.0
1884 0.0
1885 0.0
1886 0.0
1887 0.0
1888 0.0
1889 0.0
1890 0.0
1891 0.0
1892 0.0
1893 0.0
1894 0.0
1895 0.0
1896 0.0
1897 0.0
1898 0.0
1899 0.0
1900 0.0
1901 0.0
1902 0.0
1903 0.0
1904 0.0
1905 0.0
1906 0.0
1907 0.0
1908 0.0
1909 0.0
1910 0.0
1911 0.0
1912 0.0
1913 0.0
1914 0.0
1915 0.0
1916 0.0
1917 0.0
1918 0.0
1919 0.0
1920 0.0
1921 0.0
1922 0.0
1923 0.0
1924 0.0
1925 0.0
1926 0.0
1927 0.0
1928 0.0
1929 0.0
1930 0.0
1931 0.0
1932 0.0
1933 0.0
1934 0.0
1935 0.0
1936 0.0
1937 0.0
1938 0.0
1939 0.0
1940 0.0
1941 0.0
1942 0.0
1943 0.0
1944 0.0
1945 0.0
1946 0.0
1947 0.0
1948 0.0
1949 0.0
1950 0.0
1951 0.0
1952 0.0
1953 0.0
1954 0.0
1955 0.0
1956 0.0
1957 0.0
1958 0.0
1959 0.0
1960 0.0
1961 0.0
1962 0.0
1963 0.0
1964 0.0
1965 0.0
1966 0.0
1967 0.0
1968 0.0
1969 0.0
1970 0.0
1971 0.0
1972 0.0
1973 0.0
1974 0.0
1975 0.0
1976 0.0
1977 0.0
1978 0.0
1979 0.0
1980 0.0
1981 0.0
1982 0.0
1983 0.0
1984 0.0
1985 0.0
1986 0.0
1987 0.0
1988 0.0
1989 0.0
1990 0.0
1991 0.0
1992 0.0
1993 0.0
1994 0.0
1995 0.0
1996 0.0
1997 0.0
1998 0.0
1999 0.0
2000 0.0
